csci-c 343 Harrison Carter Homework 5



6.7

original:(0, 2) (1, 2) (3, 4) (3, 1) (3, 5) (9, 11) (12, 14) (3, 9) (4, 14) (6, 7) (8, 10) (8, 7)(7, 0) (10, 15) (10, 13)
final:(15,0)(14,12)(13,0)(12,0)(11,9)(10,0)(9,0)(8,6)(7,6)(5,0)(4,0)(3,0)(2,0)(1,0)


10.11
		
		24
	15,20		33,45,50
10,12  18  21,23    30,31  38  47,48  52,55,60


11.3

a)
0, 10, 0, 20, 0, 2, 
0, 0, 3, 5, 0, 0, 
0, 0, 0, 0, 15, 0, 
0, 0, 0, 0, 11, 10, 
0, 0, 0, 0, 0, 0, 
0, 0, 0, 0, 3, 0, 

b)
1-> 2,10-> 4,20-> 6,3
2-> 1,10-> 3,3-> 4,5
3-> 2,3-> 5,15
4-> 1,20-> 2,5-> 5,11-> 6,10
5-> 3,15-> 4,11-> 6,3
6-> 1,3-> 4,10-> 5,3

11.4

The DFS tree traversed for the above graph is 1 --> 2 --> 3 --> 5 --> 6 --> 4

11.6

 1

  /2       |10       \20

 6           2              4

|3                          |3

 5                            3


11.10

Vertex		1    2    3    4    5    6
Initial 	inf  inf  inf  0  inf  inf

Process4	20   5   inf   0   11   10

Process2	20   5    8    0   11   10

Process1	20   5    8    0   11   10

Process3	20   5    8    0   11   10

Process5	20   5    8    0   11   10

Process6 	20   5	  8    0   11   10


11.18

1-6, 6-5, 3-2, 2-4
